Laser Profile for Single Laser : Spot size 0.102
 -0.00010000  0.00010000 -0.00010000  0.00010000
  8  8
Y       X-location
  0.00000000  -0.00008750  -0.00006250  -0.00003750  -0.00001250   0.00001250   0.00003750   0.00006250   0.00008750 
 -0.00008750   0.00000000   0.00000000   0.00000000   0.00000000   0.00000000   0.00000000   0.00000000   0.00000000 
 -0.00006250   0.00000000   0.00054729   0.00325057   0.00789929   0.00789929   0.00325057   0.00054729   0.00000000 
 -0.00003750   0.00000000   0.00325057   0.01930633   0.04691671   0.04691671   0.01930633   0.00325057   0.00000000 
 -0.00001250   0.00000000   0.00789929   0.04691671   0.11401324   0.11401324   0.04691671   0.00789929   0.00000000 
  0.00001250   0.00000000   0.00789929   0.04691671   0.11401324   0.11401324   0.04691671   0.00789929   0.00000000 
  0.00003750   0.00000000   0.00325057   0.01930633   0.04691671   0.04691671   0.01930633   0.00325057   0.00000000 
  0.00006250   0.00000000   0.00054729   0.00325057   0.00789929   0.00789929   0.00325057   0.00054729   0.00000000 
  0.00008750   0.00000000   0.00000000   0.00000000   0.00000000   0.00000000   0.00000000   0.00000000   0.00000000 
