Laser Profile for Single Laser : Spot size 0.1
 -0.00009375  0.00008125 -0.00009375  0.00008125
 15 15
Y       X-location
  0.00000000  -0.00008750  -0.00007500  -0.00006250  -0.00005000  -0.00003750  -0.00002500  -0.00001250   0.00000000   0.00001250   0.00002500   0.00003750   0.00005000   0.00006250   0.00007500   0.00008750 
 -0.00008750   0.00000000   0.00000000   0.00000000   0.00000000   0.00000000   0.00000000   0.00000000   0.00000000   0.00000000   0.00000000   0.00000000   0.00000000   0.00000000   0.00000000   0.00000000 
 -0.00007500   0.00000000   0.00000579   0.00002226   0.00006703   0.00015796   0.00029135   0.00042065   0.00047543   0.00042065   0.00029135   0.00015796   0.00006703   0.00002226   0.00000579   0.00000000 
 -0.00006250   0.00000000   0.00002226   0.00008566   0.00025792   0.00060777   0.00112099   0.00161847   0.00182924   0.00161847   0.00112099   0.00060777   0.00025792   0.00008566   0.00002226   0.00000000 
 -0.00005000   0.00000000   0.00006703   0.00025792   0.00077656   0.00182992   0.00337516   0.00487302   0.00550762   0.00487302   0.00337516   0.00182992   0.00077656   0.00025792   0.00006703   0.00000000 
 -0.00003750   0.00000000   0.00015796   0.00060777   0.00182992   0.00431207   0.00795334   0.01148296   0.01297835   0.01148296   0.00795334   0.00431207   0.00182992   0.00060777   0.00015796   0.00000000 
 -0.00002500   0.00000000   0.00029135   0.00112099   0.00337516   0.00795334   0.01466941   0.02117956   0.02393772   0.02117956   0.01466941   0.00795334   0.00337516   0.00112099   0.00029135   0.00000000 
 -0.00001250   0.00000000   0.00042065   0.00161847   0.00487302   0.01148296   0.02117956   0.03057886   0.03456107   0.03057886   0.02117956   0.01148296   0.00487302   0.00161847   0.00042065   0.00000000 
  0.00000000   0.00000000   0.00047543   0.00182924   0.00550762   0.01297835   0.02393772   0.03456107   0.03906187   0.03456107   0.02393772   0.01297835   0.00550762   0.00182924   0.00047543   0.00000000 
  0.00001250   0.00000000   0.00042065   0.00161847   0.00487302   0.01148296   0.02117956   0.03057886   0.03456107   0.03057886   0.02117956   0.01148296   0.00487302   0.00161847   0.00042065   0.00000000 
  0.00002500   0.00000000   0.00029135   0.00112099   0.00337516   0.00795334   0.01466941   0.02117956   0.02393772   0.02117956   0.01466941   0.00795334   0.00337516   0.00112099   0.00029135   0.00000000 
  0.00003750   0.00000000   0.00015796   0.00060777   0.00182992   0.00431207   0.00795334   0.01148296   0.01297835   0.01148296   0.00795334   0.00431207   0.00182992   0.00060777   0.00015796   0.00000000 
  0.00005000   0.00000000   0.00006703   0.00025792   0.00077656   0.00182992   0.00337516   0.00487302   0.00550762   0.00487302   0.00337516   0.00182992   0.00077656   0.00025792   0.00006703   0.00000000 
  0.00006250   0.00000000   0.00002226   0.00008566   0.00025792   0.00060777   0.00112099   0.00161847   0.00182924   0.00161847   0.00112099   0.00060777   0.00025792   0.00008566   0.00002226   0.00000000 
  0.00007500   0.00000000   0.00000579   0.00002226   0.00006703   0.00015796   0.00029135   0.00042065   0.00047543   0.00042065   0.00029135   0.00015796   0.00006703   0.00002226   0.00000579   0.00000000 
  0.00008750   0.00000000   0.00000000   0.00000000   0.00000000   0.00000000   0.00000000   0.00000000   0.00000000   0.00000000   0.00000000   0.00000000   0.00000000   0.00000000   0.00000000   0.00000000 
