Laser Profile for Single Laser : Spot size 0.102
 -0.00009375  0.00008125 -0.00009375  0.00008125
 14 14
Y       X-location
  0.00000000  -0.00008750  -0.00007500  -0.00006250  -0.00005000  -0.00003750  -0.00002500  -0.00001250   0.00000000   0.00001250   0.00002500   0.00003750   0.00005000   0.00006250   0.00007500   0.00008750 
 -0.00008750   0.00000000   0.00000000   0.00000000   0.00000000   0.00000000   0.00000000   0.00000000   0.00000000   0.00000000   0.00000000   0.00000000   0.00000000   0.00000000   0.00000000   0.00000000 
 -0.00007500   0.00000000   0.00000779   0.00002848   0.00008223   0.00018754   0.00033794   0.00048114   0.00054127   0.00048114   0.00033794   0.00018754   0.00008223   0.00002848   0.00000779   0.00000000 
 -0.00006250   0.00000000   0.00002848   0.00010410   0.00030053   0.00068545   0.00123514   0.00175853   0.00197831   0.00175853   0.00123514   0.00068545   0.00030053   0.00010410   0.00002848   0.00000000 
 -0.00005000   0.00000000   0.00008223   0.00030053   0.00086766   0.00197893   0.00356593   0.00507700   0.00571150   0.00507700   0.00356593   0.00197893   0.00086766   0.00030053   0.00008223   0.00000000 
 -0.00003750   0.00000000   0.00018754   0.00068545   0.00197893   0.00451347   0.00813305   0.01157945   0.01302659   0.01157945   0.00813305   0.00451347   0.00197893   0.00068545   0.00018754   0.00000000 
 -0.00002500   0.00000000   0.00033794   0.00123514   0.00356593   0.00813305   0.01465537   0.02086561   0.02347328   0.02086561   0.01465537   0.00813305   0.00356593   0.00123514   0.00033794   0.00000000 
 -0.00001250   0.00000000   0.00048114   0.00175853   0.00507700   0.01157945   0.02086561   0.02970744   0.03342012   0.02970744   0.02086561   0.01157945   0.00507700   0.00175853   0.00048114   0.00000000 
  0.00000000   0.00000000   0.00054127   0.00197831   0.00571150   0.01302659   0.02347328   0.03342012   0.03759680   0.03342012   0.02347328   0.01302659   0.00571150   0.00197831   0.00054127   0.00000000 
  0.00001250   0.00000000   0.00048114   0.00175853   0.00507700   0.01157945   0.02086561   0.02970744   0.03342012   0.02970744   0.02086561   0.01157945   0.00507700   0.00175853   0.00048114   0.00000000 
  0.00002500   0.00000000   0.00033794   0.00123514   0.00356593   0.00813305   0.01465537   0.02086561   0.02347328   0.02086561   0.01465537   0.00813305   0.00356593   0.00123514   0.00033794   0.00000000 
  0.00003750   0.00000000   0.00018754   0.00068545   0.00197893   0.00451347   0.00813305   0.01157945   0.01302659   0.01157945   0.00813305   0.00451347   0.00197893   0.00068545   0.00018754   0.00000000 
  0.00005000   0.00000000   0.00008223   0.00030053   0.00086766   0.00197893   0.00356593   0.00507700   0.00571150   0.00507700   0.00356593   0.00197893   0.00086766   0.00030053   0.00008223   0.00000000 
  0.00006250   0.00000000   0.00002848   0.00010410   0.00030053   0.00068545   0.00123514   0.00175853   0.00197831   0.00175853   0.00123514   0.00068545   0.00030053   0.00010410   0.00002848   0.00000000 
  0.00007500   0.00000000   0.00000779   0.00002848   0.00008223   0.00018754   0.00033794   0.00048114   0.00054127   0.00048114   0.00033794   0.00018754   0.00008223   0.00002848   0.00000779   0.00000000 
  0.00008750   0.00000000   0.00000000   0.00000000   0.00000000   0.00000000   0.00000000   0.00000000   0.00000000   0.00000000   0.00000000   0.00000000   0.00000000   0.00000000   0.00000000   0.00000000 
